2730 0.0008714137859396276
7102 0.000854093577444934
1010 0.0008491780767153849
368 0.0008354730268571669
1907 0.0008301661447518155
7453 0.0008202343300680924
4583 0.0008174658880004728
7420 0.0008099185634202564
1847 0.0008095910301479811
5369 0.0008055925435601313
3164 0.0008046822790861689
7446 0.0008027497128716413
3947 0.0008018181860008156
2794 0.0007919193649553851
3215 0.0007817767134876391
5346 0.0007808069646938419
7223 0.0007769753201734475
630 0.0007739891892213765
4417 0.0007684350755836885
4955 0.0007604058261171745
3208 0.0007586423700990548
2902 0.0007571633605248542
5671 0.000755474448656381
5833 0.0007512886334094233
5553 0.0007475833198907556
8096 0.0007470304438100203
3204 0.000745396130489135
758 0.0007445711657445825
6301 0.000744210005331789
5769 0.0007407969002429111
8194 0.0007397325222336754
4957 0.0007376708913285221
8060 0.0007360086218717701
7938 0.0007334811572109561
5584 0.0007327724858574149
6568 0.0007323065133683286
1430 0.0007321843677065399
7250 0.0007309834032379423
3185 0.0007301226485545064
2737 0.0007259002503408868
3751 0.0007254722175346045
150 0.000725462321806851
5099 0.0007208780033082654
2944 0.0007170090200009664
7872 0.0007150769526537931
2639 0.00071363587137565
5074 0.0007136121318378164
1034 0.0007126608885350513
229 0.0007120146850260535
6648 0.0007116666890727265
4222 0.0007098948889517301
7406 0.0007092942821693196
2464 0.0007089904505395029
3578 0.0007088120653618907
930 0.0007080026177887021
6777 0.0007078878843602239
2484 0.0007045990553899928
4944 0.0007007810591846455
1197 0.0006994816492666339
3221 0.0006987253983041839
2041 0.000698256937572299
7579 0.0006975476267000946
6787 0.0006972322184974259
6530 0.0006964627253017171
8112 0.0006961736303552949
6005 0.0006958032936524922
6190 0.0006955241867884883
5655 0.0006948295375581998
251 0.0006937759432871058
3951 0.0006929348363573949
8018 0.000692388574220405
233 0.0006917479212756472
2589 0.000691225232142889
5996 0.0006911235633472942
482 0.0006908267232700545
972 0.0006900990428581183
7499 0.0006863479935488298
7442 0.0006860297505491401
1173 0.0006855662798029941
2369 0.0006849826076478046
6315 0.0006833085543359098
5129 0.0006831063096074902
7784 0.0006828967351106186
5998 0.0006826843642763975
4692 0.0006824763674358301
4255 0.0006824372471686094
6692 0.000682000900969297
4832 0.0006816214190243352
5275 0.0006798669096450452
5376 0.0006792710853897309
2232 0.0006772922181264862
6928 0.0006765547461563112
260 0.0006752840006489066
1677 0.0006751795892029621
6847 0.0006735968311919983
6883 0.0006731140510828926
7702 0.0006730776389957356
1798 0.0006722509491725343
4681 0.000671205941651381
2664 0.0006704377117612965
