2730 0.0004128015591777328
7102 0.0004045982764993871
1010 0.00040226478014391843
368 0.00039576472414393975
1907 0.00039326949191065454
7453 0.0003885394120864881
4583 0.00038725169960657517
1847 0.00038350115634172186
7420 0.0003833222818010005
5369 0.00038162677717605234
3164 0.0003811956441365483
7446 0.00038026078463467076
3947 0.00037983926095615727
2794 0.00037513792899378413
3215 0.00037034486466285346
5346 0.000369884924056051
7223 0.0003680481630121332
630 0.0003666393137346178
4417 0.0003640237746106901
4955 0.0003602122305800446
3208 0.0003593865692599209
2902 0.0003586832786513791
5671 0.00035785774158841914
5833 0.00035589090514097154
5553 0.0003541467092498584
8096 0.00035387387074318073
3204 0.0003531113905606507
758 0.00035267353182900213
6301 0.00035253756131095723
5769 0.0003509195417838193
8194 0.00035042492982919336
4957 0.0003494496212797068
8060 0.00034863470917157504
7938 0.0003474531861171239
5584 0.0003471043607908554
6568 0.00034689432095280203
1430 0.00034683801570311993
7250 0.00034626448680296924
3185 0.00034586004906261776
2737 0.0003438758778187118
3751 0.00034365575089239986
150 0.00034363588140415367
5099 0.0003414943214575147
2944 0.000339649594759816
7872 0.0003387464661349698
2639 0.00033806065569688513
5074 0.00033778050885100233
1034 0.0003376001063267199
229 0.0003372857385860413
6648 0.00033713049246196475
4222 0.00033627009388628596
7406 0.00033599498132624156
2464 0.0003358525401587174
3578 0.0003357785685681055
930 0.00033539301489096364
6777 0.00033533767949006627
2484 0.00033377439351848663
4944 0.00033196601477781466
1197 0.000331357118912702
3221 0.00033097658522040986
2041 0.0003307733041215421
7579 0.0003304416147934291
6787 0.00033027974325870973
6530 0.00032991451577717076
8112 0.00032978757669604216
6005 0.0003296123032502306
6190 0.000329473350393504
5655 0.0003291529944161992
251 0.0003286379208259787
3951 0.00032824893047145044
8018 0.0003279946637746354
233 0.00032768259535624687
2589 0.0003274457573515323
5996 0.0003273897282302655
482 0.0003272468888746728
972 0.0003269111310533615
7499 0.0003251339371978709
7442 0.00032497316465392634
1173 0.00032475748234585847
2369 0.00032448441359718167
6315 0.00032369529256987765
5129 0.0003235813349462879
7784 0.00032347638966489215
5998 0.0003233975970063135
4692 0.0003233003188083925
4255 0.0003232473733038576
6692 0.0003230529780081533
4832 0.0003228971628883844
5275 0.00032205515816220275
5376 0.00032177136372136216
2232 0.0003208347192484376
6928 0.00032049541977804
1677 0.00031982338203577455
260 0.00031935333057416714
6847 0.0003190934473968002
7702 0.00031884600259680864
6883 0.00031883683864200563
1798 0.00031844888036367837
4681 0.000317961608865645
2664 0.0003175943934365314
