2730 0.0008718262
7102 0.0008545015
1010 0.0008495837
368 0.0008358711
1907 0.0008305630
7453 0.0008206152
4583 0.0008178517
7420 0.0008103049
1847 0.0008099680
5369 0.0008059688
3164 0.0008050626
7446 0.0008031325
3947 0.0008021933
2794 0.0007922932
3215 0.0007821429
5346 0.0007811720
7223 0.0007773397
630 0.0007743501
4417 0.0007687919
4955 0.0007607611
3208 0.0007590006
2902 0.0007575136
5671 0.0007558242
5833 0.0007516334
5553 0.0007479317
8096 0.0007473765
3204 0.0007457427
758 0.0007449140
6301 0.0007445549
5769 0.0007411343
8194 0.0007400711
4957 0.0007380131
8060 0.0007363451
7938 0.0007338227
5584 0.0007331100
6568 0.0007326425
1430 0.0007325179
7250 0.0007313208
3185 0.0007304575
2737 0.0007262383
3751 0.0007258071
150 0.0007257977
5099 0.0007212073
2944 0.0007173335
7872 0.0007154038
2639 0.0007139636
5074 0.0007139384
1034 0.0007129865
229 0.0007123408
6648 0.0007119947
4222 0.0007102222
7406 0.0007096192
2464 0.0007093158
3578 0.0007091344
930 0.0007083242
6777 0.0007082110
2484 0.0007049251
4944 0.0007011024
1197 0.0006998014
3221 0.0006990445
2041 0.0006985706
7579 0.0006978640
6787 0.0006975533
6530 0.0006967796
8112 0.0006964872
6005 0.0006961169
6190 0.0006958387
5655 0.0006951444
251 0.0006940897
3951 0.0006932572
8018 0.0006927045
233 0.0006920634
2589 0.0006915405
5996 0.0006914391
482 0.0006911405
972 0.0006904131
7499 0.0006866627
7442 0.0006863412
1173 0.0006858799
2369 0.0006852927
6315 0.0006836180
5129 0.0006834182
7784 0.0006832081
5998 0.0006829894
4692 0.0006827839
4255 0.0006827477
6692 0.0006823085
4832 0.0006819327
5275 0.0006801756
5376 0.0006795746
2232 0.0006776016
6928 0.0006768644
260 0.0006755905
1677 0.0006754887
6847 0.0006739002
6883 0.0006734188
7702 0.0006733802
1798 0.0006725542
4681 0.0006715095
2664 0.0006707355
